13805722518
13968076666
13957101168
13905878568
13958526988
13806769558
13967526238
13906508272
13705810982
13906813367
13967950467
13706775968
13958002528
13606811202
13905892877
13905890400
13305898899
13805796606
13705817973
13906514540
13868298686
13806521208
13905821390
13505809098
13735866666
13906705407
13757106550
13805756068
13806766988
13802746216
13606677128
13806711234
13968024537
13819918988
13506723888
13806527228
13806762145
13386308886
13584899778
13805772777
13906510186
13706519595
13806732676
13905716532
13605816768
13906733123
13906732280
13906838567
13967928880
13905828245
13906748425
13706721668
13906583986
13306598899
13376826111
13858072469
13957139973
13905715565
13706733633
13806766198
13857360383
13806766076
13606809098
13905751199
13867123888
13806719383
13819156988
13606619279
13858177600
13003689699
13905828675
13906753986
13606550320
13506701700
13305716733
13758251188 
13805779985
13968098866
13705751027
13967008880
13905881658
13867000703
13806683583
13506890636
13906727778
13905757542
13905701210
13967138198
13967689068
13905715883
13336186783
13868506666
13355758788
13805713176
13967166988
13305711701
13906515160
13375700550
13757009888
13505762788
13906518573
13505712845
13906555777
13906520930
13958117008
13857179792
13757120058
13706718333
13906584899
13905769670
13605763778
13757632222
13957889797
13857687088
13777259869
15901958777
13566575098
13805404808
13906249797
13306819111
13518573268
13958120771
13906500123
13806505008
13805198528
13505717896
13958031939
13336058777
13905812044
13805769001
13606500091
13805755283
13065719926
13506897121
13967522838
13905785886
13805730796
13757171111
13806790576
13705711133
13805715795
13906781816
13606899191
13705183388
13306509065
13357191388
13336058822
13858198639
13116702517
13335710588
13958008766
13073605000
13806790918
13805788000
13905713675
13816332862 
13506802355
13905810041
13858086276
13958006768 
13906813553
13805729872
13805751118
13586860968
13958553869
13357166567
13805792444
13806871168 
13906514007
13706717922
13306713087
13805739367
13706853798
13805726899
13906853555
13967112222
13515818288
13906718900
13355783218
13515718148
13906503589
13905815949
13805716988
13058898918
13805782727
13906523013
13958181980
13606506969
13905711326
13805718188
13857591111
13905756290
13819118911
13357178660
13857106946
13777576889 
13905866780
13858086565
13906711680
13305816853
13819191996
13360121232
13817867518
13958011066
13817867508
13305759577
13957101597
13506709047
13362552777
13958072777
13805724777
13305751859
13705819819
13706511958
13905856999
13905716482
13306523319
13806761123
13355718068
13957880588
13606648620
13805816678
13906510680
13805700456
13905809926
13685788028
13805768918
15305811116
13906883715
13606857058
13605753006
13858085499
13905711461
13805745816
13606700425
13705750575 
13805729001
13968569111
13905865996
13588670699
13867093796
13588171409
13336028015
13905755874
13336682591
13868761888
13906851689
13325717118
13336830108
13805706860
13777560999
13906758276
13805712665
13606855568
13805745075
13566693888
13806528668
13957122746
13758000002
13705819449 
13957600909
13305812789
13506818959
13336087780
13906504761
13968108031
13706810698
13306502683
13906520952
13336039178
13306502168
13355710006 
13705811828
13906713538
13216199288
13905753103
15055788888
13003620120
13806501921
13306501649
13905786598
13588705382
13858089136
13306697666
13175128006
13306504888
13906250388
13905715778 
13906599718
13758160386
13362568201
13600547847
13806589718
13738112315
13957666688
13958185110
13908388421
13906711256
13957189988
13305712232
13957138788
13868178178
13666661658
13305750588
13906527688
13588165698
13575550088
13905857791
13906510854
13906810733
13805780968
13805712968
13173986366
13034666666
13173986366
13906533988
13355781095
13957336222
13505787810
13967951029
13738667188
13957159898
13905765884
13906502205
13395716068
13575761995
13306811988
13806728713
13388605320
13906518275
13567262222
13905856052
13306530028
13805738333
13906811288
13906755299
13107720308
13905814521
13906810398
13336051185 
13867188348
13736012990
13906646039
13806753118
13906753633
13606501118
13906687815
13957527088
13357598119
13906592706
13705723040
13003636001
13906713250
13858169568
13606810518
13735829999
13705723183
13606662999
13968121783
15857250088
13605716880
13575751575
13957197671
13906513820 
13065556388
13956055977
13958098600
13867106788
13732276000
13777477108
13967289200
13967103100
13754221666
13645711171
13306710610
13905716836
13606618291
13605816698
13588104277
13505715528 
13905853253
13335711618
13306550055
13505878395
13777886888
13336181863
13706864790
13958130590
13336018886
13957798805
13575810000
13968129235
13017738035
13957663688
13105711888
13735929999
13705734003
13906533937
13575709999
13758125000
13706859995
13588777333
13605819957
13600517527
13306716788
13757972555
13819193888
13588007666
13906500007
13306710721
13858124372
13957173069
13905847509
13805757882
13906717776
13805768076
13906715820
13958086329
13906536371
13705714680 
13305815899
13967305188
13967305188
13906813775
13757167577
13805714994
13706814319
13306505268
13858156390
13093732019
13506710903
13806526001
13906812028
13805630596
13957182442
13905792950
13606554670
13605753926
13306505633
13606710722
13806705558
13906777851
13906717719
13805818082
13586789168
13905733447
13806754660
13805736232
13758225833
13905731326
13600632628
15268509902
13606629355
13905723368
13958665566
13858075666
13905896288
13805778933
13906893442
13705711910
13905721743
13706700868
13588882882
13906503188
13905723368
13705794279
13806503319
13606708047
13057582888
13905769500
13957732858
13805802760
13777810148
13805791169
13067708888
13588581888
13758121888
13600500138
13306523932
13600515728
13355727878
13588722838
13336061382
13058829988
13705799749
13867385288
13305763900
13906863900
13732299999
13989487777
13506855622
13777421871
13777107777
13906734592
13806518987
13806518987
13706833915
13805768885
13957817946
13957895801
13705740030
13806763999
13967187722
13905746214
13758153311
13957766690
13605804147
13905726505
13967179288
13615745662
13906651317
13506899590
13705792766
13506751518
13777466968
13906522906
13905746217
13396518818
13600517092
13967160018
13767100001
13906896288
18887169999
15606899999
13958068866
13355787308
18958159907
13958087176
13605780888
13905890804
13957196668
13905855028
13906811522
13906811520
13706858918
13355811183
13305866988
13906511513
13736837288
13600572742
13906682789
13958375588
13958665788
13705894696
13705817149
13805756781
13858010888
13906892806
13868960386
13588733701
13355783388
13806519500
13967191567
13335880267
13805777398
13567665888
13586633691
13736461188
13905708658
13505871510
13958039896
13058840999
13806743471
13757137203
13906817506
13506550688
13805716106
13857988608
13905726968
13738198666
13706711818
13967000299
13805763073
13958128485
13587128585
13906505507
13958038161
13777109866
13588269258
13396553611
13805718318
13705857308
13905776868
13586467518
13758589898
13336033828
13868266888
13957150713
13305718191
13805789017
13606620258
13305817000
13967116123
13805747959
13306717736
13606638726
13336020588
13735409388
13605700278
13757229688
13905822785
13511269988
13705728867
18605350089
15868123561
13588298888
13706790126
13968331890
13336183228
13588322333
13957911100
13606785666
13905721639
13575790308
13255705278
13357018078
13216859566
13587358580
13588200887
13336198080
13857133611
13957115168
13506716996
13357188080
13335740006
13706500586
13606612500
13306719891
13357136388
13805811100
13906745318
13805765701
13957270105
13706602979
13758559888
13306719618
13306719988
13606609998
13806520153
13606503144
13957168860
13957168860
13857127454
13906873268
13505759405
13357023458
13805751288
13754221558
13506760778
13806787088
13806755998
13505793350
13805788288
13822821918
13819202077
13905722408
13805713396
13905709708
13505798488
13806791375
13806791375
13958128265
13858074068
13806755752
13905715862
13305810498
13905772603
13735882555
13868018855
13905757897
13857116959
13958086782
13905858303
13587010188
13567816888
13906748838
13906532108
13705842507
13326111388
13306669009
13857780807
13306719229
13857161111
13625781888
13989893388
13787663056
15307461222
13306822668
13906759934
13806769006
13967938858
13705850281
13906718028
13326076222
13857007777
13905857428
13906514893
13806755707
15958555987
13967137888
13588849717
13805757508
13306622202
13355599666
13868083393
13958097093
13396665573
13906761647
13605763518
13605786953
13906856139
13967521023
13967570111
13486027777
13355915555
13003744288
13506855019
13906514627
13396577988
13906609820
13805700958
13336096156
13372500687
13505810162
13806560727
13805803140
13957364356
13957196868
13505752592
13600695629
13396565701
13958004066
13606715988
13958388927
13306626620
13567179218
18958125333
13505833636
13905816158
13606706978
13858772398
13957180631
13806790064
13605813369
13906787016
13906896784
13905787648
13905787017
13806511732
15605718888
13967926888
13777192222
13806582881
13906573688
13806581872
13357669999
13675836888
13858099992
13586565900
13306627342
13806673311
13606752888
13706554581
13706552092
13867603535
13736590088
13706865260
13506860068
13906688121
13819991691
13567499950
13355788609
13905733888
13757389988
13967087888
13605706318
13606666633
13777056789
13989495588
15057212222
13305811968
13326016802
13082818988
13456111888
13506761669
13306517032
13868506152
13777841970
13957127998
13957150889
13205842888
13905894646
13806771766
15658828888
13905866158
13905899770
13906657172
13868978226
13335711155
13989639888
13396561088
13905819016
15000000525
13588865092
13605818575
13957311388
13567012358
13735815925
13735911111
13757238585
13906505015
13606700500
13588588988
13858163837
13905732769
13185331188
13905885126
13868187777
13806569818
13567500111
18857131016
13957186088
13803598483
13586098588
13588108311
13588310006
13666681519
13858069168
13606612198
13806744890
13003618189
15879320222
13957393089
13606654168
13868124950
13757136388
13375717288
13506891888
13306519887
13182682588
18857152000
13735012888
13605716363
13906588111
13505762090
13305881180
13967590970
13857110929
13605818228
13634104008
13064739518
13908395697
13906507036
13805632858
13506692816
13587962137
13958828881
13806857500
13805737579
13906711962
13355834848
13567197111
13905793373
13968127133
13320331218
13989373999
13968160887
13362833090
13805797689
13757689781
13906587037
13336731158
13905765630
13780010246
13777871077
13905701808
13738031007
13906845953
13806573568
13906733685
13906616062
13806580338
13306611137
13705845025
13359955202
13065586888
13805799146
13305725579
13858092599
13906667866
13588655555
13506768335
13905844890
13706796489
13706798838
13735130666
13705795925
13705816919
13567178558
13806754479
13958399830
13957922068
13095887620
13906738319
13905847910
13907938617
13576388998
13357119255
13905842148
15857209666
13906897576
18957000631
13506893398
13758244530
13905761290
13757659758
13958065439
13906519002
13588883028
13967518987
13805739195
13805757139
13819969630
13805795046
13967157722
13306523950
13957135046
13906601191
13906573022
13905897168
13906855226
13867851529
18906720777
13588822873
13335886633
13588300140
13805744178
13362261333
13957573306
13906895890
13336727888
13957155365
13386569006
13357169988
13958180123
13858550312
15958562398
13588197497
13805700693
13906618084
13867412306
13306815985
13958123909
13336116609
13606891838
13305670758
13957928585
13600519929
13305713056
13906590987
13706850786
13605700696
13305751202
13305816981
13757121050
13958409697
13906517465
13305711727
15857112988
13736882235
13806793821
13867501266
13939965388
13906541858
13506706268
13516876258
13905726098
13805712046
13616619999
13386671935
13003774389
13805775190
13588059895
13606717410
13305811148
13905715217
13105889888
15962787777
13357551888
13355922588
13306707098
13588891288
13456771618
13336689888
13957653881
13386582518
13957633366
13858521525
13905842886
13906622759
13606599407
13600527888
13567354444
13906815434
13675811025
13185140888
13173885728
13806781027
13706700228
13018941945
13858086888
15868107082
13306536173
13588192975
15988876668
13858101588
15925646616
13905717483
13605731519
15967878119
13806744423
13806693223
13335711107
13777609918
13505821985
13958139418
13957507388
13906745216
15888804204
18958480001
15867770888
13857666470
15952285688
13758277180
13989890485
13805793329
13336015139
13136300008
15925769999
13705774879
13305787099
15888385599
13705836333
13905863232
13336707788
13806743847
13306710833
13306718998
13305765871
15858685871
13511309566
15888878780
13905813908
13606800788
13516700950
13958152243
13738186328
13906838127
13906766901
13516932008
13989813894
13957679918
13867373988
13957572288
13757513862
13758140230
13867517000
13967590588
13511370005
13336988888
13858179888
13806774149
13305799898
13905856844
13905701000
13805715070
13957195896
13905751188
13805895012
13336050030
13906507685
13355937333
13868956869
13967935969
15657056666
13777815516
18905752666
13906589286
13958109068
13357153886
13738860408
13905706361
13905842714
13085662088
13858226664
13905706855
15056936677
13757001306
13605849867
13305779999
18657131177
13958033789
13606621046
13805780470
13588619368
13867320088
13305715600
13957678277
13806607769
18957100999
13588800185
13676772112
13736671903
13957300696
13566709158
13805783431
13805721407
13906503980
13634170117
13805786905
13588494766
13606700104
13858140094
